412,309.66646,16.43662
413,309.66646,49.30985
414,309.66646,82.18308
415,309.66646,115.05632
416,309.66646,147.92955
417,309.66646,180.80278
418,309.66646,213.67601
419,309.66646,246.54925
420,309.66646,279.42248
421,309.66646,312.2957
422,309.66646,345.16894
423,277.06999,17.36907
424,277.06999,52.10722
425,277.06999,86.84537
426,277.06999,121.58352
427,277.06999,156.32166
428,277.06999,191.0598
429,277.06999,225.79795
430,277.06999,260.53611
431,277.06999,295.27425
432,277.06999,330.01238
433,277.06999,364.75053
434,244.47352,18.30153
435,244.47352,54.90459
436,244.47352,91.50765
437,244.47352,128.11071
438,244.47352,164.71377
439,244.47352,201.31683
440,244.47352,237.9199
441,244.47352,274.52296
442,244.47352,311.12602
443,244.47352,347.72907
444,244.47352,384.33213
445,211.87704,19.23399
446,211.87704,57.70196
447,211.87704,96.16994
448,211.87704,134.63791
449,211.87704,173.10588
450,211.87704,211.57386
451,211.87704,250.04183
452,211.87704,288.50981
453,211.87704,326.97779
454,211.87704,365.44576
455,211.87704,403.91373
456,179.28058,20.16644
457,179.28058,60.49933
458,179.28058,100.83222
459,179.28058,141.16511
460,179.28058,181.498
461,179.28058,221.83088
462,179.28058,262.16377
463,179.28058,302.49667
464,179.28058,342.82955
465,179.28058,383.16243
466,179.28058,423.49532
467,146.68411,21.0989
468,146.68411,63.29671
469,146.68411,105.49451
470,146.68411,147.69231
471,146.68411,189.89011
472,146.68411,232.08791
473,146.68411,274.28571
474,146.68411,316.48352
475,146.68411,358.68132
476,146.68411,400.87911
477,146.68411,443.07692
478,114.08764,22.03136
479,114.08764,66.09408
480,114.08764,110.15679
481,114.08764,154.21951
482,114.08764,198.28222
483,114.08764,242.34494
484,114.08764,286.40765
485,114.08764,330.47037
486,114.08764,374.53309
487,114.08764,418.59579
488,114.08764,462.65852
489,81.49117,22.96382
490,81.49117,68.89145
491,81.49117,114.81908
492,81.49117,160.74671
493,81.49117,206.67434
494,81.49117,252.60196
495,81.49117,298.52959
496,81.49118,344.45723
497,81.49118,390.38486
498,81.49118,436.31248
499,81.49118,482.2401
500,48.8947,23.89627
501,48.8947,71.68882
502,48.8947,119.48136
503,48.8947,167.27391
504,48.8947,215.06645
505,48.8947,262.85899
506,48.8947,310.65153
507,48.8947,358.44408
508,48.8947,406.23663
509,48.8947,454.02918
510,48.8947,501.82172
511,16.29823,24.82873
512,16.29823,74.48619
513,16.29823,124.14365
514,16.29823,173.80111
515,16.29823,223.45856
516,16.29823,273.11602
517,16.29823,322.77348
518,16.29823,372.43094
519,16.29823,422.0884
520,16.29823,471.74586
521,16.29823,521.40332
522,327.69458,334.33896
523,327.69458,302.49715
524,327.69458,270.65535
525,327.69458,238.81355
526,327.69458,206.97174
527,327.69458,175.12993
528,327.69458,143.28812
529,327.69458,111.44632
530,327.69458,79.60452
531,327.69458,47.76271
532,327.69458,15.9209
533,335.40036,329.70989
534,335.40036,298.30894
535,335.40036,266.908
536,335.40036,235.50706
537,335.40036,204.10612
538,335.40036,172.70518
539,335.40036,141.30424
540,335.40036,109.9033
541,335.40036,78.50236
542,335.40036,47.10141
543,335.40036,15.70047
544,347.13089,320.57588
545,347.13089,290.04485
546,347.13089,259.51381
547,347.13089,228.98277
548,347.13089,198.45173
549,347.13089,167.9207
550,347.13089,137.38966
551,347.13089,106.85863
552,347.13089,76.32759
553,347.13089,45.79655
554,347.13089,15.26552
555,358.64017,309.48762
556,358.64017,280.01261
557,358.64017,250.53759
558,358.64017,221.06258
559,358.64017,191.58757
560,358.64017,162.11256
561,358.64017,132.63755
562,358.64017,103.16254
563,358.64017,73.68753
564,358.64017,44.21252
565,358.64017,14.73751
566,369.81178,14.22498
567,369.81178,42.67495
568,369.81178,71.12492
569,369.81178,99.57489
570,369.81178,128.02486
571,369.81178,156.47483
572,369.81178,184.9248
573,369.81178,213.37477
574,369.81178,241.82473
575,369.81178,270.2747
576,369.81178,298.72468
577,393.08234,276.30539
578,381.17995,287.77237
579,393.08234,249.9906
580,381.17995,260.36548
581,393.08234,223.6758
582,381.17995,232.95858
583,393.08234,197.361
584,381.17995,205.55169
585,393.08234,171.0462
586,381.17995,178.14481
587,393.08234,144.7314
588,381.17995,150.73791
589,393.08234,118.4166
590,381.17995,123.33101
591,393.08234,92.1018
592,381.17995,95.92412
593,393.08234,65.787
594,381.17995,68.51723
595,393.08234,39.4722
596,381.17995,41.11034
597,393.08234,13.1574
598,381.17995,13.70345
599,401.16548,12.78657
600,401.16548,38.35971
601,401.16548,63.93285
602,401.16548,89.50598
603,401.16548,115.07912
604,401.16548,140.65226
605,401.16548,166.2254
606,401.16548,191.79854
607,401.16548,217.37167
608,401.16548,242.94481
609,401.16548,268.51794
610,404.99776,12.61075
611,404.99776,37.83226
612,404.99776,63.05377
613,404.99776,88.27528
614,404.99776,113.4968
615,404.99776,138.7183
616,404.99776,163.93982
617,404.99776,189.16133
618,404.99776,214.38283
619,404.99776,239.60434
620,404.99776,264.82585
621,412.06488,12.28654
622,412.06488,36.85961
623,412.06488,61.43268
624,412.06488,86.00575
625,412.06488,110.57882
626,412.06488,135.1519
627,412.06488,159.72497
628,412.06488,184.29804
629,412.06488,208.87111
630,412.06488,233.44418
631,412.06488,258.01725
632,419.132,11.96232
633,419.132,35.88695
634,419.132,59.81159
635,419.132,83.73622
636,419.132,107.66085
637,419.132,131.58549
638,419.132,155.51012
639,419.132,179.43476
640,419.132,203.35939
641,419.132,227.28402
642,419.132,251.20866
643,425.59094,11.666
644,425.59094,34.998
645,425.59094,58.33
646,425.59094,81.662
647,425.59094,104.99399
648,425.59094,128.32599
649,425.59094,151.65799
650,425.59094,174.98999
651,425.59094,198.32199
652,425.59094,221.65399
653,425.59094,244.98599
654,461.82193,10.00383
655,461.82193,30.01148
656,461.82193,50.01914
657,461.82193,70.02679
658,461.82193,90.03445
659,461.82193,110.04211
660,461.82193,130.04977
661,461.82193,150.05742
662,461.82193,170.06507
663,461.82193,190.07273
664,461.82193,210.08039
665,449.23299,10.58137
666,449.23299,31.74412
667,449.23299,52.90686
668,449.23299,74.0696
669,449.23299,95.23235
670,449.23299,116.3951
671,449.23299,137.55784
672,449.23299,158.72058
673,449.23299,179.88332
674,449.23299,201.04607
675,449.23299,222.20881
676,436.64403,11.15892
677,436.64403,33.47675
678,436.64403,55.79458
679,436.64403,78.11242
680,436.64403,100.43024
681,436.64403,122.74808
682,436.64403,145.06592
683,436.64403,167.38374
684,436.64403,189.70158
685,436.64403,212.01941
686,436.64403,234.33724
687,472.74332,9.50279
688,472.74332,28.50836
689,472.74332,47.51393
690,472.74332,66.5195
691,472.74332,85.52508
692,472.74332,104.53065
693,472.74332,123.53622
694,472.74332,142.54179
695,472.74332,161.54737
696,472.74332,180.55294
697,472.74332,199.55851
698,490.72672,8.67776
699,490.72672,26.03328
700,490.72672,43.38881
701,490.72672,60.74433
702,490.72672,78.09985
703,490.72672,95.45537
704,490.72672,112.81089
705,490.72672,130.16642
706,490.72672,147.52194
707,490.72672,164.87746
708,490.72672,182.23299
709,537.81763,6.51737
710,537.81763,19.5521
711,537.81763,32.58684
712,537.81763,45.62157
713,537.81763,58.65631
714,537.81763,71.69104
715,537.81763,84.72578
716,537.81763,97.76051
717,537.81763,110.79525
718,537.81763,123.82998
719,537.81763,136.86472
720,515.328,7.54913
721,515.328,22.64738
722,515.328,37.74563
723,515.328,52.84388
724,515.328,67.94213
725,515.328,83.04039
726,515.328,98.13864
727,515.328,113.23689
728,515.328,128.33514
729,515.328,143.4334
730,515.328,158.53165
731,562.93488,126.03126
732,562.93488,114.02828
733,562.93488,102.0253
734,562.93488,90.02232
735,562.93488,78.01935
736,562.93488,66.01637
737,562.93488,54.0134
738,562.93488,42.01042
739,562.93488,30.00744
740,562.93488,18.00446
741,562.93488,6.00149
742,590.67972,126.03126
743,590.67972,114.02828
744,590.67972,102.0253
745,590.67972,90.02232
746,590.67972,78.01935
747,590.67972,66.01637
748,590.67972,54.0134
749,590.67972,42.01042
750,590.67972,30.00744
751,590.67972,18.00446
752,590.67972,6.00149
753,618.42453,126.03126
754,618.42453,114.02828
755,618.42453,102.0253
756,618.42453,90.02232
757,618.42453,78.01935
758,618.42453,66.01637
759,618.42453,54.0134
760,618.42453,42.01042
761,618.42453,30.00744
762,618.42453,18.00446
763,618.42453,6.00149
764,646.16937,126.03126
765,646.16937,114.02828
766,646.16937,102.0253
767,646.16937,90.02232
768,646.16937,78.01935
769,646.16937,66.01637
770,646.16937,54.0134
771,646.16937,42.01042
772,646.16937,30.00744
773,646.16937,18.00446
774,646.16937,6.00149
775,673.10461,126.03126
776,673.10461,114.02828
777,673.10461,102.0253
778,673.10461,90.02232
779,673.10461,78.01935
780,673.10461,66.01637
781,673.10461,54.0134
782,673.10461,42.01042
783,673.10461,30.00744
784,673.10461,18.00446
785,673.10461,6.00149
786,699.23026,126.03126
787,699.23026,114.02828
788,699.23026,102.0253
789,699.23026,90.02232
790,699.23026,78.01935
791,699.23026,66.01637
792,699.23026,54.0134
793,699.23026,42.01042
794,699.23026,30.00744
795,699.23026,18.00446
796,699.23026,6.00149
797,725.3559,126.03126
798,725.3559,114.02828
799,725.3559,102.0253
800,725.3559,90.02232
801,725.3559,78.01935
802,725.3559,66.01637
803,725.3559,54.0134
804,725.3559,42.01042
805,725.3559,30.00744
806,725.3559,18.00446
807,725.3559,6.00149
808,751.48154,126.03126
809,751.48154,114.02828
810,751.48154,102.0253
811,751.48154,90.02232
812,751.48154,78.01935
813,751.48154,66.01637
814,751.48154,54.0134
815,751.48154,42.01042
816,751.48154,30.00744
817,751.48154,18.00446
818,751.48154,6.00149